Scattering Amplitude: Angle, Real Part, Imaginary Part
Random rotation
0 4058.03 20731.5
0.0174533 10191.9 18290.9
0.0349066 14777.1 13960.4
0.0523599 17298.5 8604.66
0.0698132 17676.3 3160.67
0.0872665 16220.6 -1559.84
0.10472 13507.4 -5009.82
0.122173 10220.5 -6966.82
0.139626 6998.22 -7513.65
0.15708 4320.4 -6959.48
0.174533 2450.88 -5730.35
0.191986 1437.08 -4259.69
0.20944 1153.85 -2902.23
0.226893 1372.24 -1884.52
0.244346 1832.45 -1293.83
0.261799 2304.65 -1098.45
0.279253 2627.81 -1187.18
0.296706 2724.02 -1414.76
0.314159 2591.81 -1642.27
0.331613 2285.43 -1765.34
0.349066 1888.09 -1727.63
0.366519 1486.42 -1520.9
0.383972 1151.01 -1175.15
0.401426 925.285 -743.695
0.418879 822.685 -287.472
0.436332 830.486 138.099
0.453786 917.666 491.858
0.471239 1044.26 750.778
0.488692 1170.05 909.606
0.506145 1261.28 977.48
0.523599 1294.61 972.972
0.541052 1258.55 918.861
0.558505 1152.71 837.6
0.575959 985.692 748.043
0.593412 772.197 663.632
0.610865 530.13 591.91
0.628319 278.02 535.1
0.645772 33.0485 491.343
0.663225 -190.26 456.257
0.680678 -380.732 424.49
0.698132 -530.749 391.055
0.715585 -636.121 352.3
0.733038 -695.753 306.481
0.750492 -711.238 253.922
0.767945 -686.427 196.837
0.785398 -627.014 138.871
0.802851 -540.142 84.4639
0.820305 -433.995 38.131
0.837758 -317.365 3.74431
0.855211 -199.159 -16.0906
0.872665 -87.8543 -20.4905
0.890118 9.09619 -10.5205
0.907571 85.8478 10.8504
0.925025 138.686 39.0757
0.942478 166.396 68.6205
0.959931 170.406 93.7517
0.977384 154.619 109.433
0.994838 124.919 112.19
1.01229 88.338 100.801
1.02974 51.9795 76.6548
1.0472 21.8206 43.664
1.06465 1.5982 7.67465
1.0821 -8.00611 -24.6038
1.09956 -9.66368 -47.0121
1.11701 -9.02632 -55.4623
1.13446 -13.6369 -49.2563
1.15192 -31.2265 -31.8625
1.16937 -67.6631 -10.8622
1.18682 -124.962 3.09446
1.20428 -199.841 -1.71896
1.22173 -283.282 -35.4492
1.23918 -361.408 -103.855
1.25664 -417.733 -206.011
1.27409 -436.464 -333.193
1.29154 -406.261 -469.446
1.309 -323.548 -593.996
1.32645 -194.477 -685.202
1.3439 -34.8225 -725.266
1.36136 132.479 -704.611
1.37881 281.791 -624.716
1.39626 390.317 -498.495
1.41372 443.331 -347.853
1.43117 437.658 -198.843
1.44862 382.32 -75.5927
1.46608 295.988 5.36621
1.48353 201.876 38.704
1.50098 121.5 30.7282
1.51844 69.1969 -3.51402
1.53589 49.128 -45.534
1.55334 55.6771 -79.3225
1.5708 77.0064 -95.8621
1.58825 100.362 -94.683
1.6057 117.051 -82.0236
1.62316 125.13 -66.4957
1.64061 128.761 -54.194
1.65806 134.617 -45.463
1.67552 147.065 -34.8542
1.69297 164.477 -14.3877
1.71042 178.656 21.35
1.72788 177.988 70.7687
1.74533 153.107 123.915
1.76278 102.5 165.342
1.78024 35.1295 180.372
1.79769 -31.7062 162.088
1.81514 -78.9131 115.659
1.8326 -93.9368 57.4698
1.85005 -77.0219 8.77151
1.8675 -42.0404 -13.7501
1.88496 -10.7815 -6.22192
1.90241 -2.70362 19.5839
1.91986 -24.6649 40.931
1.93732 -65.7515 34.9583
1.95477 -100.468 -8.90626
1.97222 -99.8554 -80.9138
1.98968 -46.1649 -151.925
2.00713 55.5599 -184.119
2.02458 174.983 -147.705
2.04204 265.455 -36.6014
2.05949 281.807 124.27
2.07694 200.002 284.321
2.0944 30.2416 384.252
2.11185 -182.66 378.428
2.1293 -372.724 253.782
2.14675 -475.407 37.3717
2.16421 -450.776 -210.823
2.18166 -298.339 -417.391
2.19911 -57.9268 -519.932
2.21657 203.401 -487.4
2.23402 413.222 -329.229
2.25147 516.235 -90.7309
2.26893 489.703 162.584
2.28638 347.484 365.477
2.30383 132.743 471.174
2.32129 -96.8108 462.003
2.33874 -285.658 350.58
2.35619 -394.137 172.86
2.37365 -406.045 -23.5641
2.3911 -329.511 -192.146
2.40855 -192.216 -298.008
2.42601 -32.9354 -324.663
2.44346 108.468 -276.086
2.46091 200.584 -174.117
2.47837 227.632 -51.8621
2.49582 192.646 55.5662
2.51327 115.658 120.794
2.53073 27.0411 131.771
2.54818 -42.3284 94.7523
2.56563 -71.1127 31.4255
2.58309 -54.3717 -29.1566
2.60054 -4.67832 -61.2163
2.61799 53.1021 -51.6832
2.63545 91.5839 -4.88153
2.6529 91.5727 59.3783
2.67035 49.6379 113.659
2.68781 -20.3919 133.735
2.70526 -92.6201 108.252
2.72271 -138.986 43.4991
2.74017 -140.105 -38.5509
2.75762 -92.9396 -108.163
2.77507 -12.4484 -138.76
2.79253 73.3605 -116.788
2.80998 133.112 -46.9714
2.82743 142.981 48.8474
2.84489 95.008 138.766
2.86234 0.054564 191.224
2.87979 -115.442 185.184
2.89725 -217.624 116.777
2.9147 -275.471 0.451935
2.93215 -269.854 -135.454
2.94961 -198.705 -257.047
2.96706 -77.0202 -334.356
2.98451 67.8929 -349.125
3.00197 204.178 -298.838
3.01942 303.728 -196.209
3.03687 348.701 -64.7849
3.05433 334.707 67.7299
3.07178 270.26 176.342
3.08923 173.164 244.036
3.10669 65.2215 264.334
3.12414 -33.1046 240.942
3.14159 -106.746 185.1
Random rotation
0 4657.48 20660.9
0.0174533 10716.1 18091.1
0.0349066 15205 13674.8
0.0523599 17628 8273.5
0.0698132 17918.2 2814.44
0.0872665 16391.3 -1901.91
0.10472 13623.6 -5338.34
0.122173 10295.7 -7278.95
0.139626 7042.13 -7809.84
0.15708 4339.64 -7240.94
0.174533 2450.35 -5998.02
0.191986 1421.2 -4514.14
0.20944 1127.21 -3144.22
0.226893 1339.56 -2115.54
0.244346 1798.3 -1516.37
0.261799 2273.03 -1315.92
0.279253 2602.02 -1403.57
0.296706 2706.71 -1634.4
0.314159 2585.24 -1869.71
0.331613 2291.58 -2005.48
0.349066 1908.58 -1986.01
0.366519 1522.14 -1803.85
0.383972 1201.5 -1489.65
0.401426 988.133 -1096.85
0.418879 893.163 -685.572
0.436332 901.612 -309.216
0.453786 980.818 -5.74936
0.471239 1090.3 205.911
0.488692 1190.79 325.023
0.506145 1251.02 364.998
0.523599 1251.48 347.813
0.541052 1185.37 298.26
0.558505 1057.23 239.127
0.575959 880.113 187.89
0.593412 672.096 155.113
0.610865 452.871 144.385
0.628319 240.92 153.416
0.645772 51.5257 175.836
0.663225 -104.332 203.234
0.680678 -220.281 227.069
0.698132 -294.257 240.2
0.715585 -327.818 237.895
0.733038 -325.271 218.28
0.750492 -292.789 182.298
0.767945 -237.598 133.264
0.785398 -167.32 76.1542
0.802851 -89.4498 16.762
0.820305 -10.9663 -39.1501
0.837758 61.965 -86.6004
0.855211 124.229 -121.958
0.872665 171.957 -143.281
0.890118 202.686 -150.403
0.907571 215.467 -144.765
0.925025 210.894 -129.044
0.942478 191.027 -106.619
0.959931 159.173 -80.9698
0.977384 119.522 -55.089
0.994838 76.6537 -31.0118
1.01229 34.9553 -9.53512
1.02974 -1.97833 9.8098
1.0472 -31.8615 28.5186
1.06465 -54.0578 48.6363
1.0821 -69.6577 72.1211
1.09956 -81.2406 100.17
1.11701 -92.3269 132.648
1.13446 -106.585 167.771
1.15192 -126.923 202.147
1.16937 -154.641 231.221
1.18682 -188.84 250.097
1.20428 -226.253 254.607
1.22173 -261.603 242.41
1.23918 -288.494 213.892
1.25664 -300.709 172.604
1.27409 -293.693 125.068
1.29154 -265.896 79.8881
1.309 -219.652 46.2488
1.32645 -161.327 32.0637
1.3439 -100.581 42.124
1.36136 -48.7871 76.6809
1.37881 -16.8633 130.838
1.39626 -12.9146 195.003
1.41372 -40.2169 256.427
1.43117 -96.0395 301.619
1.44862 -171.679 319.172
1.46608 -253.834 302.399
1.48353 -327.148 251.135
1.50098 -377.433 172.203
1.51844 -394.876 78.2734
1.53589 -376.436 -14.7352
1.55334 -326.764 -91.2138
1.5708 -257.275 -139.563
1.58825 -183.452 -155.079
1.6057 -120.961 -141.186
1.62316 -81.5299 -108.555
1.64061 -69.7432 -72.1718
1.65806 -81.7337 -47.0721
1.67552 -106.298 -43.8777
1.69297 -128.261 -65.4897
1.71042 -133.209 -106.024
1.72788 -112.167 -152.467
1.74533 -64.7412 -188.677
1.76278 0.387005 -200.562
1.78024 67.8996 -180.783
1.79769 120.525 -131.425
1.81514 144.486 -63.6666
1.8326 133.916 5.48872
1.85005 92.7729 58.3764
1.8675 33.6344 82.0146
1.88496 -26.1852 71.8733
1.90241 -69.8213 32.904
1.91986 -85.6222 -22.3469
1.93732 -70.0156 -77.7186
1.95477 -27.7827 -118.067
1.97222 30.0131 -133.061
1.98968 89.4717 -119.168
2.00713 137.449 -79.6008
2.02458 164.314 -22.6948
2.04204 165.4 40.4905
2.05949 141.222 98.6
2.07694 96.8002 142.013
2.0944 40.4167 164.336
2.11185 -17.9897 163.359
2.1293 -68.7259 141.382
2.14675 -104.37 104.728
2.16421 -121.519 62.2624
2.18166 -121.662 23.031
2.19911 -110.646 -6.42344
2.21657 -96.6055 -24.163
2.23402 -86.8855 -33.4551
2.25147 -85.0128 -41.4062
2.26893 -88.9629 -55.9368
2.28638 -91.5596 -82.1573
2.30383 -83.0318 -119.568
2.32129 -54.8536 -161.255
2.33874 -3.43803 -195.501
2.35619 67.7056 -209.27
2.37365 148.124 -192.32
2.3911 222.769 -140.552
2.40855 275.669 -57.5691
2.42601 293.732 45.8236
2.44346 269.669 153.775
2.46091 203.52 248.432
2.47837 102.762 313.127
2.49582 -18.7319 335.215
2.51327 -142.622 308.351
2.53073 -248.771 234.032
2.54818 -318.536 122.154
2.56563 -338.381 -9.82357
2.58309 -303.156 -139.41
2.60054 -218.108 -243.221
2.61799 -98.7087 -302.02
2.63545 32.1328 -305.368
2.6529 149.072 -254.463
2.67035 230.316 -162.044
2.68781 262.841 -49.1856
2.70526 245.218 60.1993
2.72271 187.15 145.469
2.74017 105.923 194.086
2.75762 21.0349 203.736
2.77507 -51.1951 181.261
2.79253 -101.319 139.059
2.80998 -127.762 90.4144
2.82743 -135.164 45.4319
2.84489 -131.029 8.88273
2.86234 -122.127 -19.5959
2.87979 -112.005 -43.4006
2.89725 -100.387 -66.0671
2.9147 -84.4169 -88.8487
2.93215 -61.0117 -109.709
2.94961 -29.2251 -124.02
2.96706 8.38027 -126.566
2.98451 45.8937 -113.976
3.00197 75.67 -86.5867
3.01942 90.7732 -49.0261
3.03687 87.3514 -9.27281
3.05433 66.1031 23.4722
3.07178 32.3393 41.3883
3.08923 -5.36462 40.2648
3.10669 -37.4823 20.67
3.12414 -56.0895 -12.2632
3.14159 -56.8998 -50.3188
Random rotation
0 4203.81 20708.8
0.0174533 10298.1 18172.1
0.0349066 14806.7 13776.4
0.0523599 17234.8 8396.5
0.0698132 17523.3 2967.89
0.0872665 15997.5 -1707.73
0.10472 13241 -5097.83
0.122173 9936.86 -6994.26
0.139626 6716.64 -7490.31
0.15708 4050.59 -6899.89
0.174533 2193.39 -5648.23
0.191986 1186.2 -4163.83
0.20944 901.819 -2794.77
0.226893 1113.26 -1761.55
0.244346 1565.61 -1147.88
0.261799 2035.06 -921.758
0.279253 2365.97 -974.945
0.296706 2483.84 -1167.56
0.314159 2387.81 -1367.15
0.331613 2129.85 -1475.51
0.349066 1788.58 -1440.98
0.366519 1444.63 -1257.72
0.383972 1162.22 -955.516
0.401426 979.15 -585.07
0.418879 904.739 -202.814
0.436332 924.148 141.467
0.453786 1006.36 412.559
0.471239 1113.38 592.951
0.488692 1208.47 681.891
0.506145 1262.27 691.664
0.523599 1256.2 642.511
0.541052 1183.28 557.5
0.558505 1046.92 458.236
0.575959 858.493 361.937
0.593412 634.316 279.982
0.610865 392.705 217.772
0.628319 151.521 175.568
0.645772 -73.6164 149.91
0.663225 -270.392 135.243
0.680678 -430.23 125.448
0.698132 -548.254 115.082
0.715585 -622.922 100.208
0.733038 -655.51 78.8104
0.750492 -649.542 50.8161
0.767945 -610.241 17.812
0.785398 -544.029 -17.4565
0.802851 -458.077 -51.6985
0.820305 -359.887 -81.7099
0.837758 -256.881 -104.938
0.855211 -155.993 -119.912
0.872665 -63.246 -126.484
0.890118 16.6391 -125.856
0.907571 80.5866 -120.373
0.925025 127.394 -113.125
0.942478 157.792 -107.375
0.959931 174.293 -105.925
0.977384 180.789 -110.489
0.994838 181.924 -121.208
1.01229 182.279 -136.41
1.02974 185.488 -152.7
1.0472 193.406 -165.43
1.06465 205.516 -169.537
1.0821 218.721 -160.632
1.09956 227.656 -136.19
1.11701 225.546 -96.5935
1.13446 205.576 -45.7715
1.15192 162.557 8.80212
1.16937 94.5986 56.8958
1.18682 4.41902 87.1029
1.20428 -100.106 89.0411
1.22173 -206.442 55.803
1.23918 -299.062 -13.8544
1.25664 -362.15 -114.15
1.27409 -382.909 -232.249
1.29154 -354.826 -349.842
1.309 -280.073 -446.273
1.32645 -170.311 -502.757
1.3439 -45.3948 -506.84
1.36136 70.0836 -456.037
1.37881 151.887 -359.594
1.39626 181.843 -237.602
1.41372 152.776 -117.306
1.43117 71.254 -27.1574
1.44862 -42.8823 10.1169
1.46608 -160.496 -16.3351
1.48353 -249.976 -101.893
1.50098 -285.305 -226.726
1.51844 -253.225 -360.241
1.53589 -157.32 -468.845
1.55334 -17.5342 -525.011
1.5708 135.106 -515.041
1.58825 267.313 -442.998
1.6057 353.361 -329.313
1.62316 382.799 -204.126
1.64061 363.32 -97.2479
1.65806 317.495 -27.9398
1.67552 274.064 1.88989
1.69297 256.522 8.35618
1.71042 273.005 19.3616
1.72788 311.39 63.1594
1.74533 342.051 155.55
1.76278 328.06 290.494
1.78024 239.794 438.195
1.79769 68.8656 552.321
1.81514 -164.054 584.8
1.8326 -411.274 503.507
1.85005 -610.453 306.585
1.8675 -703.931 27.6497
1.88496 -658.684 -271.044
1.90241 -479.687 -516.217
1.91986 -211.231 -646.591
1.93732 75.2967 -633.47
1.95477 303.753 -491.269
1.97222 418.324 -273.571
1.98968 402.426 -55.2892
2.00713 284.266 93.2485
2.02458 126.438 131.182
2.04204 2.78203 61.7485
2.05949 -29.3303 -69.1254
2.07694 48.9385 -190.247
2.0944 209.974 -232.499
2.11185 389.334 -155.991
2.1293 509.686 33.3368
2.14675 510.248 284.251
2.16421 370.546 518.051
2.18166 119.313 657.108
2.19911 -175.068 653.322
2.21657 -428.951 505.564
2.23402 -573.292 259.495
2.25147 -577.45 -9.97499
2.26893 -457.93 -226.463
2.28638 -269.157 -339.113
2.30383 -80.5878 -338.356
2.32129 50.2036 -254.829
2.33874 97.5666 -142.834
2.35619 73.3377 -55.9852
2.37365 16.6485 -25.5335
2.3911 -26.6526 -50.1782
2.40855 -25.4983 -100.878
2.42601 23.3303 -137.546
2.44346 95.7806 -129.538
2.46091 153.74 -70.5923
2.47837 164.35 18.271
2.49582 116.449 98.7742
2.51327 26.7534 133.46
2.53073 -66.8463 103.517
2.54818 -121.742 18.3769
2.56563 -109.495 -87.1205
2.58309 -28.9175 -166.718
2.60054 92.2197 -181.87
2.61799 207.528 -117.956
2.63545 270.02 9.07796
2.6529 250.424 158.201
2.67035 148.556 278.491
2.68781 -6.51718 327.886
2.70526 -167.163 288.213
2.72271 -284.278 171.024
2.74017 -324.144 12.5619
2.75762 -278.939 -139.648
2.77507 -167.601 -243.197
2.79253 -27.4913 -274.141
2.80998 99.3801 -232.897
2.82743 180.271 -141.383
2.84489 200.939 -33.3286
2.86234 167.574 58.1263
2.87979 101.666 110.961
2.89725 30.5018 119.569
2.9147 -22.867 93.7132
2.93215 -46.6284 52.3999
2.94961 -42.2056 15.523
2.96706 -21.2604 -3.47377
2.98451 0.525825 -1.47207
3.00197 10.2326 14.8087
3.01942 2.53666 32.9113
3.03687 -18.8974 40.4318
3.05433 -43.5877 30.2221
3.07178 -58.8266 3.19612
3.08923 -54.8454 -32.0461
3.10669 -28.6967 -62.3977
3.12414 14.391 -74.9441
3.14159 62.4867 -61.5169
Random rotation
0 4375.32 21020.6
0.0174533 10571.8 18479.4
0.0349066 15186.2 14042.5
0.0523599 17708.2 8584.51
0.0698132 18064.3 3048.17
0.0872665 16570.4 -1752.19
0.10472 13807.3 -5268.77
0.122173 10462 -7278.96
0.139626 7175.76 -7865.43
0.15708 4431.1 -7337.12
0.174533 2494.92 -6120.15
0.191986 1417.98 -4648.7
0.20944 1078.42 -3279.18
0.226893 1250.11 -2240.84
0.244346 1675.25 -1624.47
0.261799 2124.93 -1402.32
0.279253 2437.84 -1467.22
0.296706 2534.71 -1677.74
0.314159 2411.73 -1898.17
0.331613 2119.93 -2026.57
0.349066 1738.73 -2007.97
0.366519 1350.66 -1834.23
0.383972 1022.27 -1534.05
0.401426 793.441 -1158
0.418879 675.12 -762.943
0.436332 653.537 -399.269
0.453786 698.406 -102.62
0.471239 772.389 109.347
0.488692 839.641 235.941
0.506145 872.069 289.497
0.523599 852.729 290.031
0.541052 776.492 259.872
0.558505 648.587 219.256
0.575959 481.81 183.416
0.593412 293.23 161.289
0.610865 101.04 155.652
0.628319 -77.9945 164.276
0.645772 -230.277 181.657
0.663225 -346.289 200.903
0.680678 -420.792 215.413
0.698132 -452.501 220.164
0.715585 -443.451 212.466
0.733038 -398.225 192.216
0.750492 -323.189 161.684
0.767945 -225.817 124.978
0.785398 -114.123 87.2865
0.802851 3.78837 54.0496
0.820305 120.099 30.1602
0.837758 227.6 19.2991
0.855211 319.988 23.4643
0.872665 392.158 42.7399
0.890118 440.461 75.313
0.907571 462.925 117.729
0.925025 459.38 165.34
0.942478 431.478 212.892
0.959931 382.547 255.174
0.977384 317.31 287.633
0.994838 241.438 306.899
1.01229 161.023 311.126
1.02974 81.9909 300.13
1.0472 9.56064 275.297
1.06465 -52.2028 239.29
1.0821 -100.667 195.618
1.09956 -134.719 148.134
1.11701 -154.661 100.546
1.13446 -161.948 56.0218
1.15192 -158.832 16.9288
1.16937 -147.985 -15.2707
1.18682 -132.158 -39.9949
1.20428 -113.921 -57.4283
1.22173 -95.4974 -68.3741
1.23918 -78.6572 -74.1161
1.25664 -64.6425 -76.3042
1.27409 -54.0798 -76.8483
1.29154 -46.8695 -77.7767
1.309 -42.0785 -81.0136
1.32645 -37.899 -88.0498
1.3439 -31.7592 -99.5328
1.36136 -20.6528 -114.855
1.37881 -1.71042 -131.873
1.39626 27.0506 -146.899
1.41372 65.9412 -155.072
1.43117 112.986 -151.136
1.44862 163.69 -130.522
1.46608 211.337 -90.5435
1.48353 247.863 -31.4284
1.50098 265.187 43.0958
1.51844 256.767 125.845
1.53589 219.07 206.923
1.55334 152.654 275.072
1.5708 62.6137 319.42
1.58825 -41.704 331.332
1.6057 -147.726 306.072
1.62316 -241.311 244.014
1.64061 -308.856 151.168
1.65806 -339.621 38.8548
1.67552 -327.924 -77.6095
1.69297 -274.783 -181.212
1.71042 -188.491 -256.327
1.72788 -83.6823 -292.083
1.74533 21.314 -285.194
1.76278 108.544 -241.296
1.78024 165.03 -173.987
1.79769 186.53 -101.332
1.81514 178.959 -40.4815
1.8326 156.49 -1.96303
1.85005 136.399 14.251
1.8675 132.096 19.0343
1.88496 146.829 29.9762
1.90241 170.826 63.7678
1.91986 183.707 127.728
1.93732 162.065 213.975
1.95477 89.8496 299.257
1.97222 -32.4684 351.487
1.98968 -184.1 341.316
2.00713 -327.986 254.582
2.02458 -422.109 100.529
2.04204 -434.32 -88.1708
2.05949 -354.962 -264.517
2.07694 -201.978 -382.539
2.0944 -15.8828 -413.193
2.11185 153.91 -354.438
2.1293 266.228 -231.263
2.14675 301.912 -85.5061
2.16421 268.638 40.4061
2.18166 194.974 119.03
2.19911 116.434 146.321
2.21657 59.7414 139.568
2.23402 32.2289 126.15
2.25147 20.8968 128.449
2.26893 1.28957 151.9
2.28638 -48.077 181.649
2.30383 -132.474 189.362
2.32129 -235.072 147.149
2.33874 -321.295 42.3924
2.35619 -351.794 -113.134
2.37365 -298.692 -284.019
2.3911 -158.392 -421.824
2.40855 44.2946 -481.476
2.42601 262.391 -437.156
2.44346 440.977 -291.75
2.46091 534.119 -76.6178
2.47837 518.558 157.866
2.49582 399.745 357.317
2.51327 208.866 478.625
2.53073 -7.3837 500.724
2.54818 -200.384 428.076
2.56563 -332.131 286.789
2.58309 -383.324 115.503
2.60054 -355.498 -45.6257
2.61799 -267.635 -164.626
2.63545 -149.117 -223.863
2.6529 -31.4183 -221.804
2.67035 59.2836 -170.833
2.68781 107.103 -92.3327
2.70526 108.408 -10.5969
2.72271 70.8588 52.9818
2.74017 10.1437 84.2937
2.75762 -54.6128 78.7602
2.77507 -105.678 41.2067
2.79253 -130.698 -16.4003
2.80998 -125.008 -78.6686
2.82743 -91.8188 -130.954
2.84489 -40.3881 -162.902
2.86234 17.1999 -170.467
2.87979 69.6369 -155.958
2.89725 109.306 -126.273
2.9147 133.694 -90.0096
2.93215 144.994 -54.4686
2.94961 148.217 -23.5263
2.96706 148.573 2.98719
2.98451 149.102 28.3233
3.00197 149.369 56.727
3.01942 145.635 91.0454
3.03687 132.37 130.911
3.05433 104.534 172.135
3.07178 59.8054 207.498
3.08923 0.0153977 228.668
3.10669 -68.6896 228.603
3.12414 -136.986 203.686
3.14159 -194.452 154.958
Random rotation
0 4581.46 20779.4
0.0174533 10650.5 18149.1
0.0349066 15112.5 13687.2
0.0523599 17488.6 8270.04
0.0698132 17732.7 2827.51
0.0872665 16177.7 -1848.55
0.10472 13408.8 -5236.56
0.122173 10105.2 -7137.46
0.139626 6892.06 -7650.05
0.15708 4231.74 -7089.7
0.174533 2372.12 -5879.47
0.191986 1349.68 -4443.29
0.20944 1035.11 -3123.58
0.226893 1201.78 -2135.24
0.244346 1597.08 -1557.26
0.261799 2000.81 -1354.29
0.279253 2261.64 -1416.26
0.296706 2309.53 -1602.93
0.314159 2147.86 -1782.85
0.331613 1832.29 -1859.99
0.349066 1444.27 -1785.84
0.366519 1066.17 -1558.27
0.383972 762.838 -1211.13
0.401426 571.412 -799.014
0.418879 499.504 -381.722
0.436332 529.732 -11.4926
0.453786 628.113 275.14
0.471239 753.677 460.567
0.488692 867.17 545.072
0.506145 937.494 542.864
0.523599 945.301 476.667
0.541052 883.869 372.208
0.558505 757.783 253.589
0.575959 580.231 140.093
0.593412 369.658 44.5875
0.610865 146.484 -26.6444
0.628319 -69.6986 -72.9894
0.645772 -262.158 -97.934
0.663225 -418.264 -107.256
0.680678 -529.987 -107.317
0.698132 -593.825 -103.693
0.715585 -610.331 -100.265
0.733038 -583.42 -98.8122
0.750492 -519.582 -99.0501
0.767945 -427.105 -99.0271
0.785398 -315.337 -95.7592
0.802851 -194.027 -85.9707
0.820305 -72.7162 -66.8235
0.837758 39.799 -36.5297
0.855211 135.963 5.23053
0.872665 209.889 57.1338
0.890118 257.695 116.297
0.907571 277.728 178.605
0.925025 270.616 239.224
0.942478 239.14 293.241
0.959931 187.9 336.319
0.977384 122.787 365.274
0.994838 50.3214 378.488
1.01229 -23.0892 376.069
1.02974 -91.853 359.752
1.0472 -151.771 332.524
1.06465 -200.386 298.056
1.0821 -237.041 260.04
1.09956 -262.63 221.54
1.11701 -279.095 184.514
1.13446 -288.738 149.595
1.15192 -293.512 116.189
1.16937 -294.424 82.8917
1.18682 -291.209 48.1464
1.20428 -282.35 10.9951
1.22173 -265.495 -28.2405
1.23918 -238.191 -67.5322
1.25664 -198.814 -103.115
1.27409 -147.49 -129.927
1.29154 -86.7806 -142.498
1.309 -21.9353 -136.17
1.32645 39.4543 -108.426
1.3439 88.4283 -60.0555
1.36136 116.189 4.141
1.37881 115.97 75.3682
1.39626 84.902 141.733
1.41372 25.4744 190.029
1.43117 -53.8477 208.209
1.44862 -139.173 188.174
1.46608 -213.063 128.286
1.48353 -257.611 34.9781
1.50098 -258.285 -77.1363
1.51844 -207.763 -187.031
1.53589 -108.847 -270.887
1.55334 24.4885 -307.069
1.5708 168.552 -281.477
1.58825 294.023 -191.978
1.6057 372.092 -50.5883
1.62316 381.399 117.552
1.64061 314.056 278.675
1.65806 178.987 397.659
1.67552 1.31307 446.482
1.69297 -182.558 411.68
1.71042 -333.239 298.635
1.72788 -418.089 131.148
1.74533 -419.695 -53.9682
1.76278 -340.59 -216.097
1.78024 -202.588 -321.359
1.79769 -40.6802 -351.419
1.81514 106.851 -307.841
1.8326 209.14 -210.534
1.85005 250.892 -90.7254
1.8675 235.347 19.2819
1.88496 181.099 96.1043
1.90241 113.982 131.6
1.91986 57.0064 133.324
1.93732 22.1544 119.093
1.95477 7.16224 107.874
1.97222 -1.47323 110.743
1.98968 -20.5386 125.71
2.00713 -60.5915 138.73
2.02458 -119.104 130.659
2.04204 -179.547 87.3088
2.05949 -217.282 8.2042
2.07694 -210.16 -90.134
2.0944 -149.444 -178.411
2.11185 -46.1656 -225.169
2.1293 70.3865 -209.736
2.14675 162.148 -132.082
2.16421 196.376 -15.0986
2.18166 158.788 102.262
2.19911 60.2099 178.731
2.21657 -66.3116 186.073
2.23402 -177.121 119.874
2.25147 -233.814 1.34954
2.26893 -217.049 -130.609
2.28638 -132.863 -233.902
2.30383 -9.18212 -278.315
2.32129 115.673 -255.258
2.33874 207.493 -178.619
2.35619 247.705 -77.0411
2.37365 237.592 18.5213
2.3911 194.241 86.4452
2.40855 140.868 120.607
2.42601 96.2688 129.202
2.44346 68.0257 127.742
2.46091 51.8881 130.132
2.47837 36.682 142.109
2.49582 11.6652 159.722
2.51327 -27.5008 172.803
2.53073 -76.8402 171.062
2.54818 -126.586 149.437
2.56563 -166.282 110.132
2.58309 -189.531 60.7539
2.60054 -195.985 9.99872
2.61799 -189.844 -36.5007
2.63545 -176.094 -77.9125
2.6529 -156.812 -116.734
2.67035 -129.762 -155.145
2.68781 -90.1148 -191.418
2.70526 -34.4298 -218.567
2.72271 35.2636 -226.284
2.74017 109.588 -205.456
2.75762 173.438 -153.197
2.77507 210.725 -75.9629
2.79253 210.373 10.9394
2.80998 171.033 87.5189
2.82743 102.453 135.453
2.84489 22.8514 144.162
2.86234 -46.7821 114.262
2.87979 -89.2904 57.1374
2.89725 -96.4394 -9.10781
2.9147 -70.757 -65.6996
2.93215 -23.6918 -98.9942
2.94961 28.965 -104.047
2.96706 72.5625 -84.9476
2.98451 98.0134 -52.1624
3.00197 103.794 -18.1558
3.01942 95.1702 7.01366
3.03687 81.2985 18.6402
3.05433 71.4928 18.0937
3.07178 72.0223 11.4264
3.08923 84.4155 6.66777
3.10669 105.57 10.9176
3.12414 129.309 28.2156
3.14159 148.624 58.7299
Random rotation
0 4387.85 20564.2
0.0174533 10433.5 18008.5
0.0349066 14901.4 13607.9
0.0523599 17299.3 8229.52
0.0698132 17566.5 2802.43
0.0872665 16023.9 -1875.76
0.10472 13250.1 -5273.28
0.122173 9924.09 -7179.88
0.139626 6675.66 -7685.14
0.15708 3975.65 -7099.12
0.174533 2081.29 -5844.28
0.191986 1037.31 -4348.2
0.20944 719.932 -2959.98
0.226893 904.556 -1902.57
0.244346 1337.19 -1262.79
0.261799 1793.49 -1011.63
0.279253 2116.22 -1043.11
0.296706 2228.71 -1218.56
0.314159 2128 -1405.73
0.331613 1864.36 -1505.87
0.349066 1515.3 -1466.37
0.366519 1160.94 -1280.31
0.383972 865.454 -976.522
0.401426 666.866 -604.906
0.418879 574.922 -221.23
0.436332 575.342 125.34
0.453786 637.871 400.222
0.471239 725.541 586.552
0.488692 803.036 684.167
0.506145 842.807 705.733
0.523599 828.405 671.514
0.541052 755.146 604.094
0.558505 628.688 524.032
0.575959 462.277 446.959
0.593412 273.479 382.274
0.610865 81.0286 333.222
0.628319 -97.7663 298.02
0.645772 -248.817 271.56
0.663225 -362.232 247.291
0.680678 -432.57 218.933
0.698132 -458.548 181.797
0.715585 -442.412 133.594
0.733038 -389.144 74.7219
0.750492 -305.652 8.08085
0.767945 -200.038 -61.4736
0.785398 -80.9742 -127.915
0.802851 42.8001 -184.937
0.820305 162.893 -226.825
0.837758 271.606 -249.214
0.855211 362.252 -249.651
0.872665 429.45 -227.907
0.890118 469.403 -186.021
0.907571 480.127 -128.081
0.925025 461.617 -59.7692
0.942478 415.891 12.2784
0.959931 346.894 81.2084
0.977384 260.22 140.708
0.994838 162.684 185.688
1.01229 61.7376 212.8
1.02974 -35.1927 220.728
1.0472 -121.377 210.216
1.06465 -191.376 183.827
1.0821 -241.466 145.487
1.09956 -269.838 99.876
1.11701 -276.543 51.7965
1.13446 -263.193 5.60812
1.15192 -232.496 -35.1568
1.16937 -187.719 -67.9447
1.18682 -132.207 -91.0931
1.20428 -69.0717 -103.562
1.22173 -1.1111 -104.594
1.23918 69.025 -93.4464
1.25664 138.508 -69.3225
1.27409 203.98 -31.5784
1.29154 261.368 19.7976
1.309 306.015 83.5529
1.32645 333.233 156.591
1.3439 339.24 233.697
1.36136 322.289 307.795
1.37881 283.707 370.852
1.39626 228.443 415.37
1.41372 164.833 436.187
1.43117 103.4 432.149
1.44862 54.7917 407.123
1.46608 27.2405 369.907
1.48353 24.1539 332.804
1.50098 42.5538 309.006
1.51844 72.9605 309.292
1.53589 101.005 338.847
1.55334 110.593 395.128
1.5708 87.947 467.52
1.58825 25.5261 539.099
1.6057 -75.2951 590.263
1.62316 -203.64 603.4
1.64061 -340.965 567.395
1.65806 -464.956 480.733
1.67552 -554.522 352.314
1.69297 -594.562 199.723
1.71042 -579.248 45.441
1.72788 -513.054 -87.9391
1.74533 -409.418 -182.191
1.76278 -287.682 -226.572
1.78024 -169.317 -219.068
1.79769 -74.4699 -165.959
1.81514 -19.4189 -80.3752
1.8326 -14.9258 19.4099
1.85005 -64.9879 111.559
1.8675 -165.449 172.367
1.88496 -302.406 178.805
1.90241 -451.152 112.629
1.91986 -577.091 -33.928
1.93732 -640.145 -252.066
1.95477 -603.263 -512.341
1.97222 -443.91 -765.461
1.98968 -165.411 -950.037
2.00713 196.33 -1007.17
2.02458 574.951 -898.758
2.04204 886.592 -623.919
2.05949 1051.86 -226.802
2.07694 1020.99 209.052
2.0944 793.563 580.695
2.11185 424.817 795.511
2.1293 13.7743 801.519
2.14675 -324.893 607.325
2.16421 -497.2 283.184
2.18166 -461.983 -59.2443
2.19911 -246.732 -303.022
2.21657 59.9654 -365.925
2.23402 338.093 -229.852
2.25147 478.223 51.7978
2.26893 420.825 372.42
2.28638 178.17 610.257
2.30383 -169.762 672.466
2.32129 -504.245 528.857
2.33874 -711.013 222.588
2.35619 -721.534 -146.176
2.37365 -536.928 -457.355
2.3911 -225.828 -614.621
2.40855 102.478 -579.208
2.42601 338.941 -381.514
2.44346 413.993 -106.918
2.46091 320.621 137.923
2.47837 113.441 264.943
2.49582 -114.695 235.678
2.51327 -268.769 72.5029
2.53073 -286.388 -152.891
2.54818 -158.743 -348.155
2.56563 68.9455 -434.614
2.58309 316.192 -374.566
2.60054 497.162 -182.403
2.61799 550.346 83.0821
2.63545 457.748 340.951
2.6529 247.933 516.015
2.67035 -16.5371 562.417
2.68781 -261.508 475.459
2.70526 -425.021 289.07
2.72271 -474.591 61.4
2.74017 -413.205 -145.353
2.75762 -273.623 -283.704
2.77507 -104.385 -332.484
2.79253 46.8669 -298.69
2.80998 147.124 -210.474
2.82743 184.984 -104.855
2.84489 169.777 -14.8537
2.86234 124.418 39.8483
2.87979 75.2679 56.3664
2.89725 42.7026 46.0909
2.9147 35.2542 27.9606
2.93215 48.6111 20.3403
2.94961 69.0497 34.2993
2.96706 79.5641 70.2174
2.98451 66.3926 118.335
3.00197 23.8549 162.574
3.01942 -43.7825 186.067
3.03687 -123.645 176.552
3.05433 -198.065 130.051
3.07178 -249.528 51.9773
3.08923 -265.286 -44.3989
3.10669 -240.413 -141.437
3.12414 -178.686 -221.472
3.14159 -91.2748 -270.835
Random rotation
0 4085.76 20528.4
0.0174533 10148.8 18094.1
0.0349066 14674.7 13795.7
0.0523599 17157 8489.05
0.0698132 17519.7 3099.8
0.0872665 16070.6 -1571.02
0.10472 13379.7 -4984.14
0.122173 10122.2 -6920.62
0.139626 6928.76 -7462.68
0.15708 4273.09 -6915.73
0.174533 2415.99 -5700.54
0.191986 1404.6 -4245.26
0.20944 1115.69 -2900.57
0.226893 1323.33 -1890.74
0.244346 1770.85 -1302.54
0.261799 2230.97 -1105.14
0.279253 2544.17 -1188.95
0.296706 2633.14 -1410.52
0.314159 2496.21 -1632.5
0.331613 2187.01 -1751.66
0.349066 1787.96 -1712.42
0.366519 1384.94 -1506.97
0.383972 1047.85 -1165.57
0.401426 819.449 -741.688
0.418879 712.528 -296.302
0.436332 713.666 115.304
0.453786 791.151 452.375
0.471239 904.452 692.646
0.488692 1013.08 831.995
0.506145 1083.43 880.993
0.523599 1092.9 859.813
0.541052 1031.34 792.8
0.558505 900.308 703.726
0.575959 710.712 612.336
0.593412 479.798 532.405
0.610865 227.924 471.209
0.628319 -24.2743 430.146
0.645772 -258.109 406.096
0.663225 -458.323 393.149
0.680678 -613.895 384.349
0.698132 -718.252 373.215
0.715585 -769.074 354.858
0.733038 -767.824 326.643
0.750492 -719.139 288.386
0.767945 -630.175 242.142
0.785398 -509.95 191.678
0.802851 -368.713 141.735
0.820305 -217.325 97.2017
0.837758 -66.6582 62.3031
0.855211 73.0187 39.9154
0.872665 192.64 31.0824
0.890118 284.924 34.7965
0.907571 344.883 48.0724
0.925025 370.211 66.3093
0.942478 361.494 83.9004
0.959931 322.172 95.0156
0.977384 258.239 94.4552
0.994838 177.663 78.4533
1.01229 89.5645 45.312
1.02974 3.23537 -4.24047
1.0472 -72.8925 -67.0348
1.06465 -132.195 -137.81
1.0821 -170.585 -209.888
1.09956 -186.916 -276.078
1.11701 -182.986 -329.68
1.13446 -163.153 -365.419
1.15192 -133.607 -380.179
1.16937 -101.421 -373.407
1.18682 -73.5425 -347.148
1.20428 -55.8544 -305.716
1.22173 -52.4601 -255.082
1.23918 -65.2533 -202.09
1.25664 -93.8009 -153.618
1.27409 -135.507 -115.811
1.29154 -185.999 -93.4379
1.309 -239.666 -89.4259
1.32645 -290.302 -104.577
1.3439 -331.815 -137.479
1.36136 -358.961 -184.644
1.37881 -368.053 -240.9
1.39626 -357.523 -300.074
1.41372 -328.203 -355.923
1.43117 -283.157 -403.192
1.44862 -226.988 -438.548
1.46608 -164.665 -461.093
1.48353 -100.16 -472.168
1.50098 -35.2966 -474.341
1.51844 30.6397 -469.759
1.53589 100.189 -458.374
1.55334 175.849 -436.77
1.5708 257.508 -398.33
1.58825 340.099 -335.124
1.6057 412.585 -241.313
1.62316 459.209 -117.12
1.64061 463.251 28.121
1.65806 412.575 175.378
1.67552 305.314 298.786
1.69297 153.52 371.819
1.71042 -17.0947 375.265
1.72788 -172.113 304.474
1.74533 -277.183 173.109
1.76278 -308.123 11.4645
1.78024 -258.986 -140.825
1.79769 -145.022 -245.81
1.81514 0.981917 -278.491
1.8326 138.167 -234.442
1.85005 229.895 -130.987
1.8675 254.697 -1.35436
1.88496 212.085 116.209
1.90241 121.32 190.527
1.91986 13.8033 206.573
1.93732 -77.9347 168.586
1.95477 -130.609 96.5771
1.97222 -136.43 18.0452
1.98968 -103.567 -41.775
2.00713 -51.3893 -67.6878
2.02458 -2.80425 -58.0828
2.04204 23.4661 -23.8062
2.05949 18.3482 16.5135
2.07694 -15.4751 42.7761
2.0944 -64.7513 39.5268
2.11185 -109.406 0.61039
2.1293 -127.949 -68.359
2.14675 -103.642 -150.169
2.16421 -30.3806 -219.165
2.18166 83.1529 -247.411
2.19911 212.783 -213.051
2.21657 322.948 -108.887
2.23402 375.703 51.7647
2.25147 342.743 234.899
2.26893 216.706 392.846
2.28638 17.3453 477.467
2.30383 -210.739 455.732
2.32129 -409.302 322.236
2.33874 -523.585 103.65
2.35619 -519.718 -147.336
2.37365 -396.142 -367.12
2.3911 -184.706 -500.417
2.40855 59.1585 -516.909
2.42601 273.764 -419.549
2.44346 409.835 -241.837
2.46091 444.095 -35.4993
2.47837 383.464 146.655
2.49582 259.217 266.506
2.51327 114.032 309.837
2.53073 -12.9053 286.586
2.54818 -97.439 223.159
2.56563 -135.13 150.474
2.58309 -138.412 92.4435
2.60054 -128.273 58.8615
2.61799 -124.162 44.5945
2.63545 -135.969 34.5221
2.6529 -160.716 11.7325
2.67035 -184.643 -34.3626
2.68781 -189.416 -102.925
2.70526 -159.905 -181.194
2.72271 -90.6748 -248.468
2.74017 10.954 -282.972
2.75762 126.172 -269.171
2.77507 229.677 -203.17
2.79253 296.715 -94.5862
2.80998 309.969 35.532
2.82743 264.315 159.95
2.84489 168.24 252.052
2.86234 41.7248 292.284
2.87979 -88.6173 272.606
2.89725 -195.742 197.992
2.9147 -258.113 84.855
2.93215 -264.041 -42.9487
2.94961 -213.592 -159.428
2.96706 -117.927 -241.799
2.98451 3.53793 -274.755
3.00197 127.351 -252.926
3.01942 230.65 -181.251
3.03687 295.299 -73.4045
3.05433 310.825 51.2292
3.07178 275.739 171.36
3.08923 197.164 267.618
3.10669 88.9867 325.733
3.12414 -31.0206 338.56
3.14159 -144.507 306.686
Random rotation
0 4494.25 20949.6
0.0174533 10660.2 18393.4
0.0349066 15251.2 13947.4
0.0523599 17753.7 8479.24
0.0698132 18088.3 2929.42
0.0872665 16565.3 -1885.07
0.10472 13762.8 -5410.37
0.122173 10369.7 -7416.91
0.139626 7032.88 -7982.15
0.15708 4243.16 -7413.32
0.174533 2275.7 -6139.01
0.191986 1187.71 -4599.46
0.20944 860.602 -3159.4
0.226893 1067.77 -2056.87
0.244346 1547.57 -1390.35
0.261799 2064.77 -1137.48
0.279253 2450.54 -1193.63
0.296706 2618.03 -1416.94
0.314159 2556.85 -1668.8
0.331613 2313.14 -1842.5
0.349066 1963.45 -1877.25
0.366519 1589.58 -1758.79
0.383972 1259.22 -1510.07
0.401426 1015.03 -1176.84
0.418879 871.827 -812.4
0.436332 820.367 -465.035
0.453786 835.018 -169.807
0.471239 882.763 54.7921
0.488692 931.363 206.044
0.506145 955.323 293.363
0.523599 939.121 333.312
0.541052 877.83 344.603
0.558505 775.727 344.025
0.575959 643.68 343.828
0.593412 496.088 350.631
0.610865 348.018 365.672
0.628319 212.941 385.987
0.645772 101.262 406.094
0.663225 19.635 419.756
0.680678 -29.0557 421.516
0.698132 -45.2659 407.804
0.715585 -32.1024 377.525
0.733038 5.43739 332.151
0.750492 61.1747 275.381
0.767945 128.338 212.5
0.785398 200.016 149.551
0.802851 269.493 92.4647
0.820305 330.513 46.2367
0.837758 377.516 14.2627
0.855211 405.883 -2.11507
0.872665 412.209 -3.80353
0.890118 394.592 6.12304
0.907571 352.911 22.775
0.925025 289.037 40.0405
0.942478 206.929 51.3648
0.959931 112.528 50.639
0.977384 13.4438 33.0987
0.994838 -81.6243 -3.87646
1.01229 -163.688 -60.1771
1.02974 -224.443 -132.695
1.0472 -257.315 -215.45
1.06465 -258.436 -300.136
1.0821 -227.398 -377.084
1.09956 -167.639 -436.525
1.11701 -86.3343 -470.031
1.13446 6.26722 -471.902
1.15192 98.0387 -440.29
1.16937 176.585 -377.825
1.18682 231.056 -291.574
1.20428 253.873 -192.255
1.22173 242.062 -92.7693
1.23918 197.887 -6.21933
1.25664 128.619 56.2352
1.27409 45.3592 87.306
1.29154 -38.8965 84.8664
1.309 -111.643 52.2823
1.32645 -163.206 -2.36451
1.3439 -188.525 -68.0678
1.36136 -187.91 -133.356
1.37881 -166.533 -188.86
1.39626 -132.714 -229.351
1.41372 -95.3539 -254.664
1.43117 -61.2033 -269.177
1.44862 -32.728 -279.891
1.46608 -7.28149 -293.556
1.48353 22.0211 -313.664
1.50098 63.8053 -338.247
1.51844 124.915 -359.331
1.53589 206.882 -364.468
1.55334 303.57 -340.189
1.5708 400.971 -276.542
1.58825 479.601 -171.421
1.6057 519.17 -33.2413
1.62316 504.407 119.191
1.64061 430.38 260.019
1.65806 305.57 362.337
1.67552 151.417 405.363
1.69297 -1.97319 380.738
1.71042 -123.114 295.913
1.72788 -187.501 173.295
1.74533 -184.63 45.0078
1.76278 -121.417 -55.4948
1.78024 -20.749 -102.622
1.79769 84.669 -85.9139
1.81514 161.504 -13.0703
1.8326 185.316 92.305
1.85005 147.51 197.68
1.8675 57.5459 271.196
1.88496 -60.2553 290.946
1.90241 -174.292 251.087
1.91986 -255.238 162.96
1.93732 -284.583 51.003
1.95477 -259.586 -55.1228
1.97222 -193.257 -129.641
1.98968 -109.587 -158.197
2.00713 -35.6731 -141.625
2.02458 6.79961 -94.9793
2.04204 8.16452 -42.3072
2.05949 -26.3735 -8.81488
2.07694 -78.3884 -12.7373
2.0944 -121.879 -59.2284
2.11185 -131.348 -138.018
2.1293 -90.0946 -225.601
2.14675 3.62167 -291.548
2.16421 134.465 -307.376
2.18166 272.877 -255.596
2.19911 382.488 -136.258
2.21657 430.271 31.2127
2.23402 396.571 211.892
2.25147 281.852 364.226
2.26893 107.817 451.488
2.28638 -87.8493 452.34
2.30383 -261.713 367.072
2.32129 -376.656 217.395
2.33874 -411.89 39.7786
2.35619 -367.684 -125.407
2.37365 -263.443 -245.254
2.3911 -130.164 -302.416
2.40855 -0.22649 -297.516
2.42601 101.748 -245.664
2.44346 163.993 -169.052
2.46091 187.498 -88.8422
2.47837 181.709 -19.3967
2.49582 158.524 33.4645
2.51327 127.365 70.4385
2.53073 93.15 94.7626
2.54818 57.35 108.664
2.56563 20.7909 111.99
2.58309 -13.8334 103.375
2.60054 -41.3672 82.8786
2.61799 -55.9427 54.2438
2.63545 -54.1285 25.1997
2.6529 -37.6969 5.27957
2.67035 -14.3285 1.99524
2.68781 4.45729 17.1434
2.70526 7.5109 45.0944
2.72271 -11.3166 74.0938
2.74017 -50.1413 90.2795
2.75762 -99.0236 82.894
2.77507 -143.124 48.6015
2.79253 -167.889 -6.85319
2.80998 -164.276 -70.3504
2.82743 -132.027 -125.837
2.84489 -79.7763 -159.829
2.86234 -21.9959 -165.934
2.87979 26.0244 -146.796
2.89725 53.3194 -112.862
2.9147 56.7178 -78.5459
2.93215 41.5392 -57.2337
2.94961 19.4512 -56.8813
2.96706 4.38222 -77.6137
2.98451 7.95266 -111.953
3.00197 35.9096 -147.394
3.01942 86.5768 -170.315
3.03687 151.594 -169.929
3.05433 218.483 -141.089
3.07178 274.097 -85.2866
3.08923 307.857 -9.78853
3.10669 313.936 74.589
3.12414 291.952 156.261
3.14159 246.24 225.379
Random rotation
0 4086.86 20608.9
0.0174533 10162.9 18173.8
0.0349066 14701.5 13873.9
0.0523599 17197.6 8564.4
0.0698132 17575.2 3169.67
0.0872665 16141.1 -1510.61
0.10472 13463.6 -4937.86
0.122173 10216.1 -6892.84
0.139626 7027.03 -7456.39
0.15708 4369.35 -6931.71
0.174533 2503.81 -5737.13
0.191986 1478.68 -4298.57
0.20944 1172.65 -2965.17
0.226893 1362.08 -1960.64
0.244346 1792.57 -1372.15
0.261799 2238.61 -1170.03
0.279253 2541.83 -1246.38
0.296706 2625.25 -1459.55
0.314159 2486.93 -1673.86
0.331613 2179.67 -1787.39
0.349066 1784.79 -1745.42
0.366519 1386.96 -1540.49
0.383972 1054.93 -1202.77
0.401426 830.522 -785.328
0.418879 725.781 -348.463
0.436332 726.839 53.364
0.453786 801.804 380.299
0.471239 910.226 610.984
0.488692 1011.94 742.143
0.506145 1073.87 785.086
0.523599 1074.12 760.553
0.541052 1003.35 693.252
0.558505 863.941 607.082
0.575959 667.643 521.67
0.593412 432.393 450.445
0.610865 179.074 400.143
0.628319 -71.386 371.485
0.645772 -300.258 360.606
0.663225 -492.502 360.853
0.680678 -637.539 364.6
0.698132 -729.425 364.82
0.715585 -766.584 356.24
0.733038 -751.274 336.025
0.750492 -688.912 303.968
0.767945 -587.352 262.262
0.785398 -456.194 214.943
0.802851 -306.119 167.112
0.820305 -148.265 124.064
0.837758 6.36605 90.4369
0.855211 147.501 69.4833
0.872665 266.168 62.5493
0.890118 355.246 68.8228
0.907571 409.953 85.381
0.925025 428.223 107.533
0.942478 410.916 129.423
0.959931 361.807 144.823
0.977384 287.319 148.022
0.994838 195.976 134.686
1.01229 97.6211 102.586
1.02974 2.43543 52.0665
1.0472 -80.1296 -13.8052
1.06465 -142.393 -89.4731
1.0821 -179.326 -167.48
1.09956 -189.163 -239.361
1.11701 -173.63 -296.728
1.13446 -137.765 -332.416
1.15192 -89.3131 -341.53
1.16937 -37.7603 -322.257
1.18682 6.89181 -276.314
1.20428 35.4732 -208.952
1.22173 40.9509 -128.493
1.23918 19.5257 -45.4027
1.25664 -28.6419 28.9966
1.27409 -99.2109 84.0652
1.29154 -184.04 111.431
1.309 -272.19 106.394
1.32645 -351.491 68.9
1.3439 -410.484 3.82848
1.36136 -440.441 -79.5629
1.37881 -437.083 -169.081
1.39626 -401.561 -251.766
1.41372 -340.365 -316.424
1.43117 -264.009 -355.948
1.44862 -184.654 -368.826
1.46608 -113.141 -359.299
1.48353 -56.219 -335.93
1.50098 -14.8295 -308.812
1.51844 15.872 -286.103
1.53589 44.5037 -270.961
1.55334 79.8664 -259.987
1.5708 126.812 -243.996
1.58825 183.006 -211.203
1.6057 237.969 -152.074
1.62316 275.167 -64.3003
1.64061 276.956 43.9588
1.65806 231.028 154.123
1.67552 136.259 241.098
1.69297 5.68928 280.282
1.71042 -134.895 255.64
1.72788 -252.894 166.129
1.74533 -317.858 28.0219
1.76278 -310.722 -128.095
1.78024 -230.195 -265.119
1.79769 -93.9942 -349.712
1.81514 65.7223 -361.794
1.8326 211.378 -300.124
1.85005 310.533 -182.131
1.8675 344.557 -38.1833
1.88496 312.73 97.6927
1.90241 230.727 197.477
1.91986 124.417 246.152
1.93732 21.3274 244.09
1.95477 -57.3264 204.617
1.97222 -101.685 148.059
1.98968 -114.235 94.5268
2.00713 -106.986 57.7105
2.02458 -96.0999 41.335
2.04204 -95.7603 38.9743
2.05949 -112.971 37.0132
2.07694 -144.654 19.8595
2.0944 -177.854 -23.9465
2.11185 -193.258 -96.3513
2.1293 -171.412 -186.822
2.14675 -100.211 -273.168
2.16421 18.6081 -326.672
2.18166 166.442 -320.733
2.19911 310.156 -240.681
2.21657 410.088 -91.4478
2.23402 431.933 100.191
2.25147 358.799 290.621
2.26893 199.062 430.949
2.28638 -13.4557 481.796
2.30383 -227.862 426.304
2.32129 -390.885 276.558
2.33874 -463.018 70.7004
2.35619 -430.477 -138.583
2.37365 -308.685 -300.312
2.3911 -136.125 -380.476
2.40855 39.0832 -370.998
2.42601 174.83 -289.531
2.44346 247.275 -170.713
2.46091 255.621 -52.6283
2.47837 218.349 36.261
2.49582 163.136 85.009
2.51327 114.834 100.538
2.53073 86.2367 101.132
2.54818 74.8869 106.29
2.56563 66.5604 127.271
2.58309 43.451 161.998
2.60054 -6.55324 196.028
2.61799 -83.2598 208.834
2.63545 -172.703 182.693
2.6529 -251.211 110.662
2.67035 -293.351 0.696391
2.68781 -280.796 -125.52
2.70526 -209.015 -238.489
2.72271 -89.6058 -309.49
2.74017 52.3464 -318.999
2.75762 184.882 -262.364
2.77507 277.613 -151.185
2.79253 309.497 -10.2502
2.80998 273.872 128.84
2.82743 179.623 235.446
2.84489 48.5134 286.968
2.86234 -90.325 273.573
2.87979 -207.178 199.686
2.89725 -278.14 82.2264
2.9147 -289.752 -53.6827
2.93215 -241.086 -180.365
2.94961 -143.107 -273.289
2.96706 -15.7169 -315.667
2.98451 116.707 -301.152
3.00197 230.269 -234.292
3.01942 306.007 -128.849
3.03687 333.015 -4.51162
3.05433 309.767 117.236
3.07178 243.526 217.199
3.08923 148.146 281.717
3.10669 40.8549 304.514
3.12414 -61.242 286.917
3.14159 -144.184 236.603
Random rotation
0 4472.9 20827.8
0.0174533 10611.2 18286.6
0.0349066 15176.6 13865.4
0.0523599 17661.4 8433.36
0.0698132 17992.5 2928.48
0.0872665 16485 -1838.65
0.10472 13718.5 -5323.02
0.122173 10378.4 -7304.07
0.139626 7104.22 -7866.08
0.15708 4376.7 -7319.11
0.174533 2460.71 -6089.92
0.191986 1404.97 -4612.73
0.20944 1085.73 -3243.47
0.226893 1275.34 -2210.43
0.244346 1714.89 -1603.18
0.261799 2174.76 -1392.76
0.279253 2493.16 -1470.89
0.296706 2590.4 -1695.05
0.314159 2462.18 -1928.48
0.331613 2159.04 -2067.91
0.349066 1760 -2056.72
0.366519 1347.6 -1884.73
0.383972 989.046 -1578.39
0.401426 725.708 -1186.16
0.418879 570.842 -763.321
0.436332 513.62 -359.605
0.453786 526.955 -11.2345
0.471239 576.477 262.212
0.488692 628.6 456.887
0.506145 656.378 581.041
0.523599 642.678 650.124
0.541052 580.827 681.925
0.558505 473.342 692.642
0.575959 329.496 694.346
0.593412 162.482 693.922
0.610865 -13.2517 693.262
0.628319 -184.107 690.343
0.645772 -338.725 680.769
0.663225 -468.686 659.404
0.680678 -568.625 621.802
0.698132 -635.975 565.259
0.715585 -670.501 489.408
0.733038 -673.786 396.372
0.750492 -648.783 290.523
0.767945 -599.458 177.958
0.785398 -530.55 65.7805
0.802851 -447.403 -38.6997
0.820305 -355.821 -128.762
0.837758 -261.904 -198.984
0.855211 -171.816 -245.804
0.872665 -91.471 -267.887
0.890118 -26.1398 -266.252
0.907571 19.9833 -244.163
0.925025 44.2075 -206.761
0.942478 45.6911 -160.487
0.959931 25.6365 -112.34
0.977384 -12.7276 -69.049
0.994838 -64.4164 -36.2533
1.01229 -123.212 -17.8181
1.02974 -182.401 -15.3771
1.0472 -235.627 -28.1997
1.06465 -277.757 -53.4286
1.0821 -305.576 -86.6772
1.09956 -318.203 -122.913
1.11701 -317.079 -157.482
1.13446 -305.504 -187.079
1.15192 -287.754 -210.452
1.16937 -267.925 -228.645
1.18682 -248.726 -244.662
1.20428 -230.529 -262.547
1.22173 -210.938 -286.021
1.23918 -185.102 -316.961
1.25664 -146.817 -354.094
1.27409 -90.2924 -392.335
1.29154 -12.2112 -423.056
1.309 86.4008 -435.452
1.32645 199.078 -418.838
1.3439 314.052 -365.456
1.36136 415.841 -273.105
1.37881 488.145 -146.843
1.39626 517.481 0.892694
1.41372 496.681 152.047
1.43117 427.26 286.413
1.44862 319.81 386.07
1.46608 192.064 439.654
1.48353 64.8958 445.231
1.50098 -42.7605 410.754
1.51844 -118.664 351.781
1.53589 -160.192 286.923
1.55334 -174.394 232.332
1.5708 -174.997 196.953
1.58825 -177.222 180.211
1.6057 -192.133 173.028
1.62316 -222.547 161.953
1.64061 -262.128 134.987
1.65806 -298.176 86.8837
1.67552 -317.166 21.7571
1.69297 -310.902 -48.2894
1.71042 -280.66 -108.22
1.72788 -237.278 -146.893
1.74533 -196.744 -162.745
1.76278 -172.752 -165.551
1.78024 -169.311 -172.912
1.79769 -176.88 -202.332
1.81514 -174.416 -261.904
1.8326 -137.34 -343.717
1.85005 -48.7527 -423.48
1.8675 90.6561 -467.584
1.88496 258.672 -445.611
1.90241 416.21 -343.634
1.91986 519.763 -172.642
1.93732 537.304 32.118
1.95477 461.324 221.618
1.97222 313.269 349.915
1.98968 136.837 390.887
2.00713 -17.8243 347.886
2.02458 -112.906 251.892
2.04204 -136.966 148.47
2.05949 -108.093 78.6806
2.07694 -64.5658 61.9377
2.0944 -46.7542 88.3094
2.11185 -77.9848 123.836
2.1293 -152.816 126.85
2.14675 -238.142 68.3616
2.16421 -287.06 -52.4505
2.18166 -259.799 -204.669
2.19911 -142.782 -336.009
2.21657 42.5057 -393.122
2.23402 244.944 -343.503
2.25147 401.57 -189.869
2.26893 460.631 28.9697
2.28638 400.643 251.153
2.30383 237.999 413.4
2.32129 20.4793 472.643
2.33874 -190.256 419.389
2.35619 -339.934 278.28
2.37365 -398.457 96.6248
2.3911 -366.409 -73.6962
2.40855 -270.036 -193.491
2.42601 -148.07 -246.383
2.44346 -36.5629 -239.083
2.46091 42.189 -193.35
2.47837 83.0837 -134.302
2.49582 94.1782 -80.4742
2.51327 88.444 -39.3943
2.53073 75.8602 -9.41812
2.54818 59.4801 14.3917
2.56563 36.6808 34.0972
2.58309 4.11578 45.8212
2.60054 -36.8143 41.2533
2.61799 -77.1873 12.7463
2.63545 -102.192 -40.7921
2.6529 -96.622 -110.377
2.67035 -51.7828 -177.841
2.68781 29.3731 -221.119
2.70526 131.335 -221.931
2.72271 230 -172.722
2.74017 300.133 -80.0458
2.75762 323.476 37.016
2.77507 294.49 152.806
2.79253 221.63 243.149
2.80998 123.903 292.547
2.82743 24.1461 297.995
2.84489 -58.3478 268.323
2.86234 -113.228 219.66
2.87979 -140.795 168.992
2.89725 -149.804 128.295
2.9147 -152.566 101.261
2.93215 -159.448 83.5222
2.94961 -174.811 65.8839
2.96706 -195.759 39.0509
2.98451 -213.852 -2.05327
3.00197 -218.874 -55.9395
3.01942 -203.102 -114.873
3.03687 -164.464 -167.532
3.05433 -107.56 -202.892
3.07178 -42.3213 -213.882
3.08923 19.0581 -199.593
3.10669 65.7792 -165.408
3.12414 91.4617 -121.175
3.14159 95.6328 -78.1555
