Mean Scattering Cross-Section: Angle, Cross-section
0 4.4897e+08
0.0174533 4.40898e+08
0.0349066 4.15523e+08
0.0523599 3.75419e+08
0.0698132 3.24535e+08
0.0872665 2.67638e+08
0.10472 2.09668e+08
0.122173 1.55101e+08
0.139626 1.07444e+08
0.15708 6.89135e+07
0.174533 4.03426e+07
0.191986 2.12997e+07
0.20944 1.03806e+07
0.226893 5.59813e+06
0.244346 4.79054e+06
0.261799 5.9772e+06
0.279253 7.60966e+06
0.296706 8.69373e+06
0.314159 8.78669e+06
0.331613 7.89679e+06
0.349066 6.32567e+06
0.366519 4.49769e+06
0.383972 2.81335e+06
0.401426 1.55128e+06
0.418879 827172
0.436332 604150
0.453786 738661
0.471239 1.04186e+06
0.488692 1.33752e+06
0.506145 1.50293e+06
0.523599 1.48646e+06
0.541052 1.30299e+06
0.558505 1.0133e+06
0.575959 696580
0.593412 424527
0.610865 243497
0.628319 167413
0.645772 180905
0.663225 249551
0.680678 332946
0.698132 396532
0.715585 419342
0.733038 396507
0.750492 336986
0.767945 258165
0.785398 179396
0.802851 116420
0.820305 77934.1
0.837758 64749.8
0.855211 71214.6
0.872665 88043.2
0.890118 105521
0.907571 116166
0.925025 116265
0.942478 106109
0.959931 89132.6
0.977384 70380.6
0.994838 54843.4
1.01229 46093.7
1.02974 45525.4
1.0472 52275.7
1.06465 63734.5
1.0821 76419.8
1.09956 86949.9
1.11701 92869.7
1.13446 93158.4
1.15192 88348.5
1.16937 80279.5
1.18682 71584.7
1.20428 65050.8
1.22173 62996.7
1.23918 66794.9
1.25664 76619.4
1.27409 91448.9
1.29154 109304
1.309 127661
1.32645 143942
1.3439 155998
1.36136 162478
1.37881 163038
1.39626 158339
1.41372 149873
1.43117 139633
1.44862 129724
1.46608 121986
1.48353 117687
1.50098 117362
1.51844 120792
1.53589 127120
1.55334 135059
1.5708 143147
1.58825 149991
1.6057 154461
1.62316 155816
1.64061 153757
1.65806 148420
1.67552 140320
1.69297 130278
1.71042 119319
1.72788 108569
1.74533 99136.9
1.76278 91998
1.78024 87876.5
1.79769 87153.9
1.81514 89816.6
1.8326 95458.6
1.85005 103349
1.8675 112552
1.88496 122084
1.90241 131070
1.91986 138868
1.93732 145134
1.95477 149813
1.97222 153074
1.98968 155198
2.00713 156462
2.02458 157061
2.04204 157068
2.05949 156465
2.07694 155221
2.0944 153375
2.11185 151127
2.1293 148864
2.14675 147137
2.16421 146569
2.18166 147725
2.19911 150963
2.21657 156315
2.23402 163424
2.25147 171546
2.26893 179642
2.28638 186523
2.30383 191031
2.32129 192227
2.33874 189532
2.35619 182819
2.37365 172426
2.3911 159100
2.40855 143878
2.42601 127938
2.44346 112436
2.46091 98371.4
2.47837 86476.5
2.49582 77170.9
2.51327 70558.9
2.53073 66473.9
2.54818 64552.6
2.56563 64321.4
2.58309 65277.4
2.60054 66951.5
2.61799 68946
2.63545 70945.2
2.6529 72705.7
2.67035 74035.2
2.68781 74770.7
2.70526 74764.6
2.72271 73886.3
2.74017 72037.2
2.75762 69176.3
2.77507 65347.9
2.79253 60702.8
2.80998 55503.3
2.82743 50108.3
2.84489 44938.6
2.86234 40425.2
2.87979 36952.1
2.89725 34801.1
2.9147 34111.1
2.93215 34859.2
2.94961 36866.3
2.96706 39826
2.98451 43351.9
3.00197 47032.7
3.01942 50486.7
3.03687 53405.5
3.05433 55580.2
3.07178 56909.8
3.08923 57390.8
3.10669 57094.5
3.12414 56137.7
3.14159 54655.2
